03339917733
03216633022
03027141222
03006894430
03216658874
03349944092
03326970271
03006627084
03006602297
03357677557
03006660537
03217833212
03007980720
03336509241
03346514009
03007678536
03007989105
03356754585
03336146753
03336578564
03007672476
03022519826
03007613839
03007689546
03346605170
03026667169
03007694373
03216649088
03006663702
03336509905
03007211900
03336585110
03059712950
03313544476
03324644649
03018668649
03331705831
03326845019
03366166225
03007213423
03027065870
03006682811
03336689899
03338387702
03217009596
03216070859
03007694760
03336522056
03338962216
03017161054
03218888893
03007910612
03006640243
03007643193
03222808233
03218667186
03008650013
03044387924
03346221143
03236622497
03157948813
03247302851
03457888815
03008660710
03235757777
03066660113
03219983479
03007601374
03246665422
03007900209
03216607475
03007266678
03217818749
03007270237
03137707778
03038416008
03082966511
966599430025
03217957661
03006561868
03217469294
03007675700
03008666077
03028655512
03226089887
03323784707
03317594319
03018384115
03006666376
03008664666
03008257152
03007915671
03344000899
03336509036
03006601925
03217252182
03008668437
03143135201
03016156811
03086699416
03219667773
03009655986
03444900977
03444900677
03336625107
03008470571
03036244446
03005982216
03217684629
03018654443
03238660323
03000666055
03033333789
03217828818
03213899041
03415507794
03215171540
03008651424
03218667770
03006635998
03216635998
03217843160
03206668865
03217698925
03008661995
03007904394
03067923827
03217683824
03000550561
03217672749
03006634676
03057171282
03007181471
03216651353
03009650418
03452507000
03007946045
03046367296
03000977442
03004314064
03334867880
03075494641
03006633049
03007651976
03222222204
03008652139
03008664492
03216812000
03015073272
03200000980
03044342222
03216670954
03217467440
03008660908
03017147363
03006670033
03219634158
03328832995
03216669877
03239652506
03447772002
03226522856
03249730789
03217676698
03218666798
03000027272
03009698185
03219888080
03335126070
03008626293
03217171501
03008660962
03216633075
03219667970
03217979585
03218998000
03006669195
03081277364
03426898191
03218444422
03218664772
03437070248
03007281500
03077000927
03009663174
03009651367
03218609088
03232004098
03447659200
03215365513
03008662988
03216888822
03007716906
03209500005
03230000001
03077881143
03344949960
03018660441
03008816207
03336504051
03029666923
03132652111
03008667650
03218667079
03216606794
03476991591
03216050000
03237868565
03457865555
03464663333
03150250176
03218665441
03217600150
03338363612
03007018418
03008669891
03227002384
03006631289
03017553131
03227172000
03087777546
03016057370
03212646804
03334044134
03216330596
03339923455
03338925514
03068660501
03362374034
03362324036
03009640012
03219658993
03009664342
03117076007
03011355535
03206667373
03236012120
03119999595
03003556134
03024227337
03219664555
03001234567
03006663300
03216221143
03067238306
03006205967
03217650320
03227948731
03008665950
03219629040
03219624046
03124701267
03008668822
03017016097
03217769382
03425109227
03218669090
03178126066
03138669527
03008667454
03356266152
03007854493
03247773165
03367700500
03213121214
03007997173
03057128022
03212480006
03336509368
03008304198
03057450296
03216644297
03007985935
03321234567
03018660470
03000808017
03006628218
03004684514
03007211746
03006652085
03469660000
03008658384
03009490653
03227635239
03208654647
03216637705
03454650950
03017140557
03081102222
03007660390
03006637971
03218663318
03248665589
03007222213
03218663232
03217372004
03226367665
03060666645
03217822585
03217835391
03008666012
03239652489
03018660525
03008613840
03218666458
03018653578
03009654300
03007449838
03239651256
03168658577
03216677516
03216677993
03216678100
03216679076
03216680100
03216680266
03216681472
03216682394
03216684151
03216687400
03216688899
03216694654
03216695298
03216919883
03216966696
03217348888
03217615534
03217618646
03217623644
03217632032
03217647878
03217657950
03008665994
03217661589
03217662266
03217666360
03217675414
03217676582
03217777241
03217788991
03217805000
03217836159
03217847580
03217861560
03217866262
03217886060
03218098888
03218193232
03218333900
03218423000
03218462679
03218555353
03218583388
03218616202
03226311358
03218656585
03218660054
03218660166
03228660440
03218660555
03218661116
03218661145
03218661612
03218661698
03218666209
03218661883
03218662190
03218662353
03008662764
03218662827
03218663334
03218663625
03218664038
03218664066
03218664333
03458664499
03008656457
03218664851
03008665027
03218665340
03218665422
03008653335
03218666001
03218666048
03218666206
03218666373
03218666477
03218666656
03218666684
03218989898
03218666898
03218667112
03218667225
03218667505
03218667634
03218667745
03218667782
03218668626
03218668774
03008666960
03219666756
03006628280
03009661519
03239701959
03007695462
03326588222
03218669691
03007677570
03219628928
03202020033
03427744838
03008659165
03218661272
03007967987
03006654728
03009661792
03218887070
03216662840
03229669764
03009662682
03467238171
03027059053
03006622140
03018662470
03028654545
03217644042
03002272720
03008658640
03008665500
03217777897
03018658787
03336626963
03219662695
03007906984
03218669383
03007629427
03006634795
03007709365
03009650638
03457830120
03002252549
03217650868
03228661530
03217835881
03007264641
03207058413
03009658291
03007905457
03009666153
03017016248
03217626737
03336032526
03007098100
03237642546
03007601296
03218667377
03224013232
03003824059
03130786541
03006550249
03006636525
03006686379
03338375005
03238661494
03367297861
03017047440
03336620786
03008663663
03336580533
03009663630
03026566162
03229600000
03217605219
03077778686
03226281721
03009664686
03006608488
03137007555
03008652993
03018663001
03018628012
03338395068
03006603920
03067904316
03007200900
03156013088
03229988773
03337939189
03007636542
03037967344
03123191400
03217586666
03216682944
03217245456
03217533279
03347788386
03218666609